0.0 0.558363 0.004479 0.093541 0.008957
0.0 0.557536 0.907174 0.276139 0.185653
0.0 0.293755 0.839282 0.264770 0.223991
0.0 0.227290 0.331317 0.150134 0.149207
0.0 0.392399 0.337725 0.170193 0.129414
0.0 0.438891 0.146503 0.130905 0.125207
0.0 0.462010 0.023391 0.081788 0.046783
0.0 0.549306 0.046029 0.093541 0.073496
0.0 0.559731 0.183508 0.121874 0.114813
0.0 0.564511 0.405228 0.175655 0.154968
0.0 0.334460 0.111312 0.088493 0.101868
0.0 0.079513 0.736477 0.159026 0.196788
0.0 0.272087 0.951937 0.264770 0.096126
0.0 0.066371 0.926153 0.132741 0.147694
