0.0 0.007054 0.783923 0.014108 0.216814
0.0 0.007054 0.954277 0.014108 0.091445
0.0 0.604564 0.003687 0.098755 0.007375
0.0 0.596680 0.938791 0.290456 0.122419
0.0 0.320332 0.888643 0.278838 0.222714
0.0 0.253942 0.348083 0.157676 0.165192
0.0 0.427386 0.359882 0.179253 0.144543
0.0 0.478008 0.153392 0.137759 0.138643
0.0 0.503320 0.022861 0.085477 0.045723
0.0 0.594606 0.046460 0.098755 0.081121
0.0 0.604564 0.196165 0.128631 0.126844
0.0 0.607884 0.437316 0.185062 0.172566
0.0 0.368465 0.112094 0.092946 0.112094
0.0 0.097095 0.783923 0.165975 0.216814
0.0 0.296266 0.983776 0.278838 0.032448
0.0 0.082158 0.954277 0.136100 0.091445
