0.0 0.398454 0.008096 0.066878 0.016192
0.0 0.464040 0.002664 0.041719 0.005328
0.0 0.596456 0.319602 0.116579 0.181968
0.0 0.531029 0.106081 0.063941 0.172669
0.0 0.423259 0.162912 0.068109 0.101818
0.0 0.406927 0.065721 0.066878 0.073143
0.0 0.470216 0.034039 0.041719 0.068079
0.0 0.312133 0.250113 0.064416 0.072377
0.0 0.282750 0.463042 0.131788 0.134356
0.0 0.448555 0.394178 0.134927 0.133917
0.0 0.748833 0.870794 0.074511 0.126444
0.0 0.461991 0.942355 0.114343 0.115290
0.0 0.216501 0.985503 0.115513 0.028994
0.0 0.760178 0.961430 0.074511 0.077140
