0.0 0.709158 0.008798 0.268152 0.017595
0.0 0.432343 0.008798 0.257426 0.017595
0.0 0.219059 0.008798 0.154290 0.017595
0.0 0.709158 0.055718 0.268152 0.076246
0.0 0.687706 0.168622 0.268152 0.246334
0.0 0.432343 0.096041 0.257426 0.156891
0.0 0.259488 0.491935 0.146040 0.153959
0.0 0.407591 0.611437 0.165017 0.131965
0.0 0.405941 0.827713 0.127063 0.127566
0.0 0.396865 0.968475 0.079208 0.063050
0.0 0.481848 0.984604 0.090759 0.030792
0.0 0.521865 0.884164 0.117987 0.117302
0.0 0.575495 0.677419 0.170792 0.158358
0.0 0.305281 0.782258 0.085809 0.104106
0.0 0.219059 0.057185 0.154290 0.079179
