0.0 0.490270 0.013331 0.067839 0.026663
0.0 0.560887 0.018999 0.040017 0.037998
0.0 0.662374 0.394151 0.112686 0.154516
0.0 0.617169 0.163661 0.054359 0.160549
0.0 0.496600 0.183759 0.066293 0.085598
0.0 0.490270 0.083276 0.067839 0.056135
0.0 0.560887 0.073095 0.040017 0.058445
0.0 0.369050 0.232470 0.065144 0.056073
0.0 0.313895 0.431140 0.134679 0.100447
0.0 0.497295 0.418390 0.138259 0.099054
0.0 0.761570 0.964526 0.070987 0.070947
0.0 0.448091 0.957723 0.114143 0.084555
0.0 0.179017 0.959776 0.116725 0.080448
