0.0 0.013971 0.020261 0.027941 0.040523
0.0 0.562132 0.039869 0.283088 0.001307
0.0 0.296691 0.020261 0.271324 0.040523
0.0 0.091912 0.020261 0.127941 0.040523
0.0 0.590074 0.020261 0.283088 0.040523
0.0 0.013971 0.129412 0.027941 0.177778
0.0 0.013971 0.328105 0.027941 0.203922
0.0 0.562132 0.041176 0.283088 0.001307
0.0 0.296691 0.098693 0.271324 0.116340
0.0 0.091912 0.129412 0.127941 0.177778
0.0 0.590074 0.135294 0.283088 0.189542
0.0 0.321691 0.213725 0.271324 0.236601
0.0 0.263971 0.722222 0.154412 0.155556
0.0 0.432721 0.705882 0.174265 0.138562
0.0 0.483824 0.893464 0.133824 0.132026
0.0 0.510294 0.994771 0.083824 0.010458
0.0 0.598529 0.973856 0.095588 0.052288
0.0 0.606618 0.849673 0.125000 0.120261
0.0 0.606985 0.628105 0.180147 0.163399
0.0 0.377941 0.934641 0.091176 0.104575
0.0 0.107353 0.328105 0.158824 0.203922
