0.0 0.072079 0.993252 0.003035 0.013495
0.0 0.012140 0.966937 0.024279 0.066127
0.0 0.075114 0.993252 0.003035 0.013495
0.0 0.434370 0.397436 0.129742 0.144399
0.0 0.540971 0.147773 0.101669 0.130904
0.0 0.451442 0.066802 0.033384 0.060729
0.0 0.538695 0.038462 0.048558 0.071525
0.0 0.342944 0.269906 0.074355 0.105263
0.0 0.429439 0.209177 0.110774 0.172740
0.0 0.274659 0.516194 0.142640 0.114710
0.0 0.582701 0.378543 0.157815 0.168691
0.0 0.660470 0.929825 0.260243 0.140351
0.0 0.415781 0.940621 0.250379 0.118758
0.0 0.206373 0.966937 0.166920 0.066127
