0.0 0.050930 0.028017 0.006467 0.056034
0.0 0.679871 0.032328 0.271625 0.047414
0.0 0.057801 0.028017 0.007276 0.056034
0.0 0.668149 0.024425 0.270816 0.048851
0.0 0.413500 0.028017 0.261116 0.056034
0.0 0.195635 0.028017 0.174616 0.056034
0.0 0.050930 0.094109 0.006467 0.076149
0.0 0.679871 0.079023 0.271625 0.045977
0.0 0.057801 0.094109 0.007276 0.076149
0.0 0.429264 0.660201 0.135812 0.130747
0.0 0.538399 0.882184 0.106710 0.117816
0.0 0.445028 0.951868 0.034762 0.053161
0.0 0.535570 0.973420 0.050930 0.053161
0.0 0.333064 0.770115 0.077607 0.094828
0.0 0.422797 0.825431 0.116411 0.153736
0.0 0.263541 0.551724 0.148747 0.103448
0.0 0.582862 0.679598 0.164915 0.152299
0.0 0.668149 0.160920 0.270816 0.198276
0.0 0.413500 0.145833 0.261116 0.179598
0.0 0.195635 0.119971 0.174616 0.127874
