0.0 0.578701 0.035935 0.040741 0.002645
0.0 0.507171 0.014970 0.067612 0.029940
0.0 0.576028 0.016669 0.040741 0.033338
0.0 0.578701 0.038581 0.040741 0.002645
0.0 0.663621 0.404918 0.114384 0.165822
0.0 0.627567 0.168827 0.058092 0.166357
0.0 0.509911 0.177629 0.067113 0.092228
0.0 0.507171 0.075970 0.067612 0.062790
0.0 0.576028 0.072416 0.040741 0.062475
0.0 0.384514 0.214547 0.065000 0.062472
0.0 0.324277 0.409136 0.133856 0.113613
0.0 0.502642 0.413671 0.137277 0.112553
0.0 0.739903 0.974502 0.072462 0.050996
0.0 0.436137 0.951805 0.114448 0.096391
0.0 0.175167 0.938629 0.116502 0.112979
0.0 0.170257 0.999631 0.116502 0.000739
