0.0 0.515704 0.003743 0.083594 0.007486
0.0 0.016184 0.955662 0.032367 0.088676
0.0 0.653760 0.922747 0.244961 0.154507
0.0 0.411056 0.949425 0.235400 0.101150
0.0 0.278615 0.516913 0.131793 0.121282
0.0 0.422672 0.435450 0.152421 0.094223
0.0 0.434801 0.221405 0.115284 0.100424
0.0 0.435274 0.077619 0.072945 0.049625
0.0 0.515704 0.063210 0.083594 0.054365
0.0 0.544993 0.193778 0.107465 0.091583
0.0 0.581799 0.410752 0.155686 0.120552
0.0 0.339098 0.242101 0.076624 0.086647
0.0 0.210192 0.955662 0.136699 0.088676
