0.0 0.380687 0.002909 0.036848 0.005817
0.0 0.011736 0.981616 0.023473 0.036769
0.0 0.383273 0.383728 0.141690 0.145415
0.0 0.489413 0.143644 0.111573 0.130158
0.0 0.391142 0.080183 0.036848 0.058329
0.0 0.483649 0.044638 0.053021 0.069136
0.0 0.281142 0.277849 0.081919 0.103759
0.0 0.371523 0.212879 0.122489 0.167511
0.0 0.215298 0.510340 0.154182 0.119768
0.0 0.541071 0.349168 0.172018 0.170617
0.0 0.643232 0.878743 0.281676 0.226784
0.0 0.382065 0.906596 0.271959 0.186809
0.0 0.158608 0.945490 0.182492 0.109021
0.0 0.659577 0.963604 0.281676 0.072793
