0.0 0.613618 0.062044 0.044299 0.016058
0.0 0.651764 0.005109 0.068089 0.010219
0.0 0.538146 0.036496 0.070550 0.067153
0.0 0.607055 0.029927 0.044299 0.059854
0.0 0.613618 0.078102 0.044299 0.016058
0.0 0.671862 0.436496 0.123052 0.172263
0.0 0.651764 0.210949 0.068089 0.162044
0.0 0.534044 0.198540 0.072190 0.096350
0.0 0.538146 0.104380 0.070550 0.068613
0.0 0.607055 0.112409 0.044299 0.064234
0.0 0.406481 0.209489 0.068089 0.068613
0.0 0.333470 0.378832 0.138638 0.127007
0.0 0.510664 0.415328 0.141920 0.127007
0.0 0.707137 0.974453 0.078753 0.051095
0.0 0.407301 0.916058 0.120591 0.135766
0.0 0.149303 0.841606 0.121411 0.124088
0.0 0.394176 0.981022 0.120591 0.037956
0.0 0.136587 0.943796 0.122231 0.112409
