0.0 0.372391 0.006356 0.037438 0.012712
0.0 0.016722 0.993911 0.033445 0.012178
0.0 0.381466 0.389657 0.142616 0.151443
0.0 0.483736 0.144321 0.112568 0.134734
0.0 0.384492 0.085838 0.037438 0.059673
0.0 0.476395 0.045645 0.053618 0.071231
0.0 0.277688 0.288967 0.082789 0.107029
0.0 0.366996 0.219468 0.124000 0.172265
0.0 0.215577 0.524682 0.154536 0.126747
0.0 0.538650 0.347159 0.173041 0.178000
0.0 0.649213 0.871373 0.282457 0.239447
0.0 0.389024 0.906483 0.273082 0.187035
0.0 0.166602 0.952096 0.183962 0.095808
0.0 0.668133 0.956309 0.282457 0.087383
