0.0 0.723140 0.050000 0.285950 0.070588
0.0 0.699174 0.030147 0.285950 0.060294
0.0 0.427273 0.042647 0.274380 0.085294
0.0 0.200413 0.052206 0.164463 0.066176
0.0 0.723140 0.120588 0.285950 0.070588
0.0 0.699174 0.218382 0.285950 0.219118
0.0 0.427273 0.153676 0.274380 0.136765
0.0 0.241322 0.494118 0.155372 0.135294
0.0 0.398760 0.600000 0.176033 0.117647
0.0 0.395868 0.788971 0.135537 0.113235
0.0 0.385537 0.913971 0.085124 0.060294
0.0 0.475620 0.944853 0.096694 0.066176
0.0 0.519008 0.838971 0.125620 0.104412
0.0 0.577273 0.659559 0.182645 0.139706
0.0 0.288843 0.747794 0.091736 0.092647
0.0 0.200413 0.118382 0.164463 0.066176
0.0 0.376033 0.972059 0.084298 0.038235
0.0 0.466529 0.985294 0.096694 0.011765
0.0 0.376033 0.995588 0.084298 0.008824
0.0 0.466529 0.995588 0.096694 0.008824
