0.0 0.638481 0.001820 0.066460 0.003640
0.0 0.576408 0.009968 0.042516 0.019937
0.0 0.627109 0.395672 0.118643 0.186797
0.0 0.610657 0.154291 0.066460 0.174444
0.0 0.498699 0.136357 0.069229 0.104693
0.0 0.503709 0.036729 0.067468 0.073458
0.0 0.569113 0.047387 0.042516 0.069839
0.0 0.377315 0.144446 0.065021 0.075383
0.0 0.305781 0.323037 0.132764 0.140670
0.0 0.474172 0.367885 0.135857 0.140426
0.0 0.654229 0.971618 0.076024 0.056765
0.0 0.369910 0.899052 0.115695 0.148238
0.0 0.125130 0.812345 0.116615 0.136088
0.0 0.355659 0.973385 0.115695 0.053230
0.0 0.111727 0.926932 0.116615 0.136088
