0.0 0.376276 0.002169 0.080785 0.004338
0.0 0.629319 0.882906 0.271466 0.187688
0.0 0.361719 0.924255 0.260800 0.151490
0.0 0.211346 0.487075 0.146240 0.121197
0.0 0.369701 0.403733 0.168719 0.095770
0.0 0.381206 0.196420 0.127872 0.100552
0.0 0.380460 0.057401 0.080785 0.050203
0.0 0.469147 0.040909 0.092556 0.055118
0.0 0.502642 0.166202 0.119180 0.091775
0.0 0.545198 0.374788 0.172549 0.121263
0.0 0.275710 0.219475 0.085168 0.086021
0.0 0.140022 0.934279 0.152084 0.131443
0.0 0.639661 0.991131 0.271466 0.017737
