0.0 0.381847 0.373749 0.138319 0.133872
0.0 0.408347 0.177163 0.114813 0.090733
0.0 0.424711 0.065387 0.084141 0.069948
0.0 0.514525 0.054695 0.084522 0.043631
0.0 0.510936 0.171218 0.104068 0.072981
0.0 0.621743 0.179635 0.106963 0.064629
0.0 0.529072 0.339452 0.146719 0.102914
0.0 0.676043 0.352031 0.120460 0.071078
0.0 0.810318 0.778413 0.193261 0.145162
0.0 0.603551 0.818053 0.219214 0.153507
0.0 0.362076 0.857769 0.195254 0.135209
0.0 0.171533 0.565592 0.075034 0.034862
0.0 0.106854 0.559820 0.061581 0.063585
0.0 0.112827 0.796815 0.089736 0.117688
0.0 0.123817 0.373607 0.053872 0.040433
0.0 0.176861 0.372227 0.043576 0.049123
0.0 0.047381 0.566639 0.035486 0.052288
0.0 0.057507 0.776981 0.039447 0.066079
