0.0 0.525804 0.027197 0.090305 0.054394
0.0 0.618993 0.007305 0.089502 0.014610
0.0 0.000545 0.612280 0.001089 0.067463
0.0 0.437520 0.372471 0.149310 0.144321
0.0 0.492960 0.200841 0.123009 0.100572
0.0 0.525804 0.103793 0.090305 0.076961
0.0 0.618993 0.131196 0.089502 0.052199
0.0 0.598498 0.237965 0.111076 0.082428
0.0 0.710348 0.291850 0.113693 0.074934
0.0 0.592701 0.401810 0.156600 0.116233
0.0 0.740851 0.474596 0.127962 0.082781
0.0 0.816267 0.922744 0.206713 0.154513
0.0 0.599559 0.877438 0.233965 0.173421
0.0 0.347426 0.813953 0.208324 0.153034
0.0 0.195207 0.463281 0.079279 0.042689
0.0 0.130044 0.431030 0.066655 0.068009
0.0 0.101903 0.653704 0.098269 0.122703
0.0 0.174252 0.265072 0.057621 0.045172
0.0 0.228577 0.285842 0.047355 0.052018
0.0 0.068373 0.412642 0.039121 0.053942
0.0 0.048320 0.612280 0.043851 0.067463
