0.0 0.556068 0.064365 0.086625 0.035857
0.0 0.467853 0.055471 0.083044 0.066155
0.0 0.436792 0.169190 0.102588 0.096825
0.0 0.538748 0.179304 0.093376 0.057361
0.0 0.542277 0.369307 0.158203 0.085701
0.0 0.646762 0.212578 0.106666 0.059261
0.0 0.687141 0.401159 0.137742 0.107718
0.0 0.793432 0.860744 0.231368 0.097625
0.0 0.584385 0.852415 0.270742 0.110589
0.0 0.321412 0.834892 0.198485 0.136941
0.0 0.160467 0.428433 0.092515 0.074844
0.0 0.078175 0.381000 0.081287 0.082043
0.0 0.181394 0.233751 0.057657 0.052256
0.0 0.128251 0.216494 0.062738 0.036843
0.0 0.066061 0.611869 0.082214 0.066037
0.0 0.385837 0.325395 0.135325 0.145519
