0.0 0.653128 0.040369 0.090406 0.002864
0.0 0.544505 0.020603 0.092323 0.041206
0.0 0.653128 0.043233 0.090406 0.002864
0.0 0.444005 0.354705 0.153426 0.164255
0.0 0.507241 0.183488 0.125565 0.116790
0.0 0.544505 0.086847 0.092323 0.088903
0.0 0.637153 0.126061 0.090406 0.063765
0.0 0.611903 0.234202 0.113002 0.096979
0.0 0.722196 0.303001 0.115234 0.089722
0.0 0.598987 0.403138 0.159316 0.136747
0.0 0.745014 0.495728 0.129626 0.099408
0.0 0.801424 0.938857 0.210695 0.122287
0.0 0.585345 0.896302 0.238012 0.204068
0.0 0.334216 0.801238 0.211865 0.180307
0.0 0.196097 0.420509 0.079918 0.052894
0.0 0.131879 0.379540 0.068656 0.076948
0.0 0.093923 0.606774 0.102240 0.136133
0.0 0.183562 0.212886 0.058729 0.052748
0.0 0.237363 0.240709 0.048944 0.058410
0.0 0.070577 0.353326 0.040934 0.059345
0.0 0.041761 0.557656 0.046201 0.073597
