0.0 0.661331 0.027736 0.085931 0.016492
0.0 0.558551 0.014243 0.085931 0.028486
0.0 0.042544 0.193403 0.000842 0.107946
0.0 0.011794 0.490255 0.023589 0.092954
0.0 0.661331 0.043478 0.085931 0.014993
0.0 0.043808 0.193403 0.001685 0.107946
0.0 0.643218 0.130435 0.085088 0.065967
0.0 0.558551 0.089205 0.085931 0.094453
0.0 0.515586 0.189655 0.107835 0.130435
0.0 0.613311 0.236882 0.094356 0.089955
0.0 0.595619 0.425037 0.158382 0.139430
0.0 0.714827 0.308846 0.106992 0.095952
0.0 0.732519 0.508246 0.142376 0.152924
0.0 0.783909 0.955022 0.228307 0.089955
0.0 0.581719 0.906297 0.267060 0.187406
0.0 0.327717 0.802849 0.202190 0.202399
0.0 0.217776 0.344828 0.095198 0.104948
0.0 0.143218 0.268366 0.085931 0.107946
0.0 0.259899 0.160420 0.059815 0.071964
0.0 0.210194 0.124438 0.063184 0.056972
0.0 0.104886 0.490255 0.085088 0.092954
0.0 0.448189 0.324588 0.143218 0.187406
0.0 0.283909 0.986507 0.202190 0.026987
