0.0 0.398106 0.002915 0.085714 0.005829
0.0 0.377165 0.388762 0.141659 0.149395
0.0 0.395860 0.189361 0.116771 0.103915
0.0 0.407782 0.075823 0.085714 0.079558
0.0 0.496955 0.053980 0.085038 0.053671
0.0 0.497963 0.170664 0.105473 0.085063
0.0 0.608830 0.165271 0.107992 0.077198
0.0 0.522679 0.336228 0.148700 0.119948
0.0 0.669785 0.330486 0.121551 0.085258
0.0 0.820520 0.739111 0.196254 0.167460
0.0 0.615820 0.804386 0.222164 0.178961
0.0 0.376502 0.874056 0.197821 0.157903
0.0 0.174921 0.606308 0.075337 0.043831
0.0 0.110174 0.608600 0.063227 0.070438
0.0 0.125465 0.844270 0.093135 0.127311
0.0 0.119763 0.420732 0.054705 0.046649
0.0 0.172622 0.412755 0.044906 0.053913
0.0 0.051115 0.622803 0.037059 0.056010
0.0 0.069499 0.831369 0.041514 0.070100
