0.0 0.533607 0.014577 0.077049 0.029155
0.0 0.023770 0.344752 0.047541 0.094752
0.0 0.035246 0.569971 0.070492 0.078717
0.0 0.612295 0.117347 0.078689 0.051020
0.0 0.533607 0.092566 0.077049 0.080175
0.0 0.499590 0.199708 0.095902 0.113703
0.0 0.590984 0.227405 0.085246 0.072886
0.0 0.584426 0.416181 0.144262 0.112245
0.0 0.686066 0.280612 0.096721 0.077259
0.0 0.712705 0.474490 0.127049 0.129738
0.0 0.784426 0.939504 0.209836 0.120991
0.0 0.597131 0.902332 0.245082 0.157434
0.0 0.361885 0.836735 0.182787 0.169096
0.0 0.238115 0.405977 0.086066 0.088921
0.0 0.166803 0.344752 0.076230 0.094752
0.0 0.267213 0.217201 0.054098 0.061224
0.0 0.220492 0.190233 0.057377 0.048105
0.0 0.143852 0.569971 0.076230 0.078717
0.0 0.446311 0.344752 0.127049 0.167638
