0.0 0.611667 0.356296 0.133333 0.114074
0.0 0.575833 0.164444 0.111667 0.074074
0.0 0.554167 0.055556 0.081667 0.057778
0.0 0.464167 0.058519 0.083333 0.031111
0.0 0.473333 0.174074 0.101667 0.057778
0.0 0.363333 0.199259 0.105000 0.048889
0.0 0.463333 0.344444 0.143333 0.081481
0.0 0.317500 0.379259 0.118333 0.053333
0.0 0.204167 0.824444 0.188333 0.117037
0.0 0.412083 0.832593 0.214167 0.121481
0.0 0.654583 0.835556 0.190833 0.106667
0.0 0.830417 0.515556 0.074167 0.023704
0.0 0.894583 0.500000 0.059167 0.054815
0.0 0.900000 0.737037 0.085000 0.105185
0.0 0.868750 0.317037 0.052500 0.032593
0.0 0.815833 0.323704 0.041667 0.042963
0.0 0.954167 0.497778 0.033333 0.047407
0.0 0.954167 0.708889 0.036667 0.060741
