0.0 0.399240 0.002448 0.085640 0.004896
0.0 0.377402 0.387939 0.141497 0.148578
0.0 0.396520 0.188665 0.116680 0.103217
0.0 0.408683 0.075207 0.085640 0.079050
0.0 0.497902 0.053962 0.085020 0.053137
0.0 0.498661 0.170653 0.105410 0.084423
0.0 0.609539 0.166003 0.107950 0.076531
0.0 0.523026 0.336381 0.148612 0.119045
0.0 0.670144 0.331626 0.121507 0.084505
0.0 0.820010 0.741259 0.196118 0.166280
0.0 0.615174 0.805160 0.222033 0.177612
0.0 0.375709 0.873225 0.197708 0.156700
0.0 0.174698 0.604127 0.075330 0.043353
0.0 0.109947 0.605985 0.063146 0.070078
0.0 0.124737 0.841756 0.092964 0.126809
0.0 0.119934 0.418184 0.054667 0.046320
0.0 0.172810 0.410561 0.044840 0.053662
0.0 0.050858 0.619793 0.036979 0.055816
0.0 0.068799 0.828480 0.041408 0.069892
