0.0 0.447300 0.007652 0.071034 0.015304
0.0 0.447300 0.024265 0.071034 0.017923
0.0 0.422753 0.929860 0.193061 0.140280
0.0 0.653964 0.853144 0.245644 0.125747
0.0 0.852935 0.762245 0.219904 0.213273
0.0 0.679167 0.371620 0.135593 0.110080
0.0 0.562826 0.389286 0.143919 0.113700
0.0 0.431927 0.417662 0.134713 0.144739
0.0 0.439295 0.216516 0.099071 0.128153
0.0 0.546378 0.196501 0.108790 0.056296
0.0 0.540758 0.070534 0.067343 0.041277
0.0 0.636888 0.191612 0.079845 0.077799
0.0 0.452816 0.080244 0.071034 0.090739
