0.0 0.398222 0.002867 0.085706 0.005734
0.0 0.377189 0.388678 0.141643 0.149312
0.0 0.395927 0.189290 0.116762 0.103844
0.0 0.407874 0.075760 0.085706 0.079507
0.0 0.497052 0.053977 0.085036 0.053617
0.0 0.498034 0.170663 0.105466 0.084998
0.0 0.608902 0.165345 0.107987 0.077130
0.0 0.522714 0.336243 0.148692 0.119856
0.0 0.669822 0.330602 0.121546 0.085182
0.0 0.820468 0.739330 0.196241 0.167340
0.0 0.615755 0.804465 0.222151 0.178824
0.0 0.376421 0.873971 0.197810 0.157781
0.0 0.174898 0.606086 0.075336 0.043782
0.0 0.110151 0.608334 0.063219 0.070402
0.0 0.125390 0.844014 0.093118 0.127260
0.0 0.119780 0.420473 0.054702 0.046616
0.0 0.172641 0.412532 0.044899 0.053887
0.0 0.051089 0.622497 0.037051 0.055990
0.0 0.069428 0.831076 0.041504 0.070079
