0.0 0.533051 0.011574 0.081860 0.023148
0.0 0.007718 0.344361 0.015435 0.095570
0.0 0.019749 0.573526 0.039498 0.079960
0.0 0.617057 0.112396 0.083578 0.051008
0.0 0.533051 0.087739 0.081860 0.080227
0.0 0.497166 0.196139 0.101951 0.113993
0.0 0.594265 0.224472 0.091114 0.073426
0.0 0.587388 0.415482 0.153743 0.113084
0.0 0.695914 0.277091 0.103739 0.077702
0.0 0.724406 0.473255 0.135669 0.131087
0.0 0.801394 0.941845 0.223329 0.116309
0.0 0.601637 0.907066 0.261136 0.157966
0.0 0.350730 0.842570 0.194497 0.170876
0.0 0.218532 0.406576 0.091259 0.090505
0.0 0.142280 0.344361 0.081073 0.095570
0.0 0.249083 0.215243 0.057181 0.061935
0.0 0.199119 0.188467 0.061125 0.047662
0.0 0.118216 0.573526 0.081071 0.079960
0.0 0.439933 0.343560 0.135458 0.167912
