0.0 0.551258 0.004774 0.085875 0.009547
0.0 0.464426 0.002723 0.082658 0.005446
0.0 0.006519 0.555205 0.013038 0.083728
0.0 0.001156 0.784093 0.002312 0.067951
0.0 0.551258 0.096571 0.085875 0.038290
0.0 0.464426 0.115575 0.082658 0.068095
0.0 0.445444 0.236191 0.102270 0.099035
0.0 0.545784 0.214066 0.092763 0.059753
0.0 0.568071 0.398205 0.157046 0.089895
0.0 0.654324 0.212621 0.105901 0.062070
0.0 0.712373 0.383813 0.137082 0.110961
0.0 0.861524 0.798544 0.229384 0.104102
0.0 0.657020 0.856007 0.268382 0.118213
0.0 0.399063 0.921424 0.197341 0.141840
0.0 0.201932 0.575633 0.092098 0.076992
0.0 0.117048 0.555205 0.081091 0.083728
0.0 0.203010 0.379260 0.057456 0.053525
0.0 0.149520 0.379108 0.062308 0.038471
0.0 0.128148 0.784093 0.081838 0.067951
0.0 0.411292 0.404472 0.135093 0.148215
