0.0 0.352912 0.025078 0.087692 0.050156
0.0 0.009486 0.989272 0.018973 0.021456
0.0 0.019439 0.978300 0.038878 0.043399
0.0 0.368971 0.423849 0.146565 0.181064
0.0 0.370106 0.221707 0.119058 0.131205
0.0 0.372014 0.106257 0.087692 0.099388
0.0 0.458217 0.060175 0.084694 0.074902
0.0 0.469356 0.175181 0.106735 0.110255
0.0 0.578422 0.139391 0.108381 0.103603
0.0 0.508169 0.331964 0.150482 0.155464
0.0 0.653008 0.285873 0.121840 0.115079
0.0 0.837456 0.648173 0.199442 0.213770
0.0 0.640891 0.768906 0.224804 0.232039
0.0 0.410505 0.900433 0.200040 0.199134
0.0 0.188069 0.694349 0.074693 0.062869
0.0 0.124299 0.714403 0.065760 0.084341
0.0 0.159894 0.934936 0.099016 0.130129
0.0 0.117440 0.526158 0.055591 0.059560
0.0 0.168971 0.503753 0.047059 0.063547
0.0 0.067185 0.744663 0.039888 0.063250
0.0 0.103480 0.945671 0.045355 0.077758
0.0 0.897821 0.937799 0.199442 0.124402
0.0 0.698453 0.985839 0.224804 0.028321
