0.0 0.025804 0.040602 0.024535 0.075188
0.0 0.916667 0.039098 0.166667 0.078195
0.0 0.745347 0.066165 0.269036 0.024060
0.0 0.050338 0.040602 0.024535 0.075188
0.0 0.442893 0.039098 0.203892 0.078195
0.0 0.158629 0.009774 0.085448 0.019549
0.0 0.025804 0.115038 0.024535 0.073684
0.0 0.916667 0.124812 0.166667 0.093233
0.0 0.745347 0.090226 0.269036 0.024060
0.0 0.050338 0.115038 0.024535 0.073684
0.0 0.500846 0.945113 0.086294 0.061654
0.0 0.416667 0.899248 0.087140 0.087218
0.0 0.411591 0.782707 0.109137 0.121805
0.0 0.508460 0.836090 0.094755 0.084211
0.0 0.551184 0.675940 0.159898 0.130827
0.0 0.615905 0.872932 0.108291 0.088722
0.0 0.692893 0.736090 0.143824 0.142857
0.0 0.886633 0.407519 0.226734 0.168421
0.0 0.691624 0.287970 0.269882 0.193985
0.0 0.442893 0.158647 0.203892 0.160902
0.0 0.208122 0.393233 0.096447 0.097744
0.0 0.121404 0.384211 0.087140 0.100752
0.0 0.186971 0.572932 0.060914 0.066165
0.0 0.134095 0.554887 0.063452 0.054135
0.0 0.158629 0.178947 0.085448 0.087218
0.0 0.396785 0.618045 0.145516 0.174436
0.0 0.395939 0.981203 0.086294 0.034586
0.0 0.395939 0.999248 0.086294 0.001504
