0.0 0.009960 0.481586 0.019920 0.067989
0.0 0.023108 0.737252 0.046215 0.126062
0.0 0.045418 0.470255 0.031873 0.056657
0.0 0.053386 0.699717 0.035060 0.070822
0.0 0.444622 0.366147 0.124303 0.143059
0.0 0.483665 0.162890 0.103586 0.096317
0.0 0.507171 0.048159 0.075697 0.073654
0.0 0.588446 0.064448 0.075697 0.046742
0.0 0.575697 0.188385 0.093227 0.076487
0.0 0.673705 0.231586 0.096414 0.069405
0.0 0.578486 0.374646 0.132271 0.109065
0.0 0.708367 0.433428 0.108367 0.073654
0.0 0.793625 0.927762 0.173705 0.144476
0.0 0.605976 0.911473 0.196813 0.162890
0.0 0.387649 0.880312 0.176096 0.143059
0.0 0.241434 0.507082 0.066932 0.036827
0.0 0.184462 0.481586 0.054980 0.067989
0.0 0.170120 0.737252 0.080478 0.126062
0.0 0.214741 0.286119 0.048606 0.042493
0.0 0.261753 0.300992 0.039044 0.052408
0.0 0.130677 0.470255 0.031873 0.056657
0.0 0.122709 0.699717 0.035060 0.070822
