0.0 0.656458 0.083150 0.080247 0.002267
0.0 0.496073 0.010367 0.123182 0.020734
0.0 0.639558 0.016507 0.080247 0.033014
0.0 0.539811 0.047649 0.088234 0.073269
0.0 0.656458 0.085417 0.080247 0.002267
0.0 0.321511 0.801598 0.235950 0.208525
0.0 0.600403 0.867166 0.290823 0.162384
0.0 0.840609 0.900826 0.268008 0.185336
0.0 0.729876 0.494043 0.163624 0.123538
0.0 0.596903 0.432802 0.173433 0.128507
0.0 0.445499 0.370772 0.165253 0.152224
0.0 0.496073 0.212856 0.123182 0.130046
0.0 0.619256 0.266186 0.128845 0.072421
0.0 0.639558 0.160648 0.080247 0.050189
0.0 0.720840 0.320993 0.097339 0.083565
0.0 0.539811 0.120918 0.088234 0.073269
0.0 0.282153 0.960921 0.235950 0.065146
0.0 0.840609 0.996747 0.268008 0.006506
0.0 0.282153 0.996747 0.235950 0.006506
