0.0 0.600642 0.002853 0.081796 0.005706
0.0 0.495589 0.025678 0.085004 0.051355
0.0 0.347634 0.869472 0.231756 0.175464
0.0 0.633520 0.871612 0.296712 0.105563
0.0 0.873697 0.872325 0.252606 0.189729
0.0 0.724940 0.445078 0.163593 0.097004
0.0 0.585405 0.412268 0.173216 0.099857
0.0 0.427827 0.383024 0.161187 0.129815
0.0 0.462310 0.203281 0.117883 0.115549
0.0 0.591018 0.230385 0.131516 0.047076
0.0 0.600642 0.113409 0.081796 0.035663
0.0 0.698075 0.263195 0.095429 0.069900
0.0 0.495589 0.088445 0.085004 0.074180
