0.0 0.463750 0.057778 0.085833 0.023704
0.0 0.552083 0.061481 0.080833 0.054815
0.0 0.577917 0.179259 0.099167 0.082963
0.0 0.475833 0.174815 0.091667 0.044444
0.0 0.463750 0.363704 0.155833 0.063704
0.0 0.366667 0.192593 0.105000 0.044444
0.0 0.317917 0.374815 0.134167 0.088889
0.0 0.191250 0.817778 0.229167 0.065185
0.0 0.400000 0.839259 0.268333 0.072593
0.0 0.662917 0.859259 0.194167 0.109630
0.0 0.841667 0.477037 0.090000 0.062222
0.0 0.925833 0.441481 0.078333 0.071111
0.0 0.829583 0.280000 0.055833 0.044444
0.0 0.883333 0.270370 0.061667 0.028148
0.0 0.927500 0.673333 0.080000 0.054815
0.0 0.621667 0.342222 0.130000 0.127407
