0.0 0.509171 0.009929 0.075758 0.019858
0.0 0.023525 0.421986 0.047049 0.080851
0.0 0.029107 0.651064 0.058214 0.065248
0.0 0.590112 0.105674 0.079745 0.035461
0.0 0.509171 0.097872 0.075758 0.065248
0.0 0.480861 0.209929 0.094099 0.096454
0.0 0.574561 0.219858 0.085327 0.056738
0.0 0.578150 0.408511 0.145136 0.085106
0.0 0.673445 0.251773 0.098086 0.058156
0.0 0.710925 0.439007 0.126794 0.106383
0.0 0.808612 0.895035 0.212121 0.096454
0.0 0.617225 0.887234 0.248804 0.109220
0.0 0.376396 0.871631 0.181818 0.134752
0.0 0.228070 0.468085 0.084530 0.073759
0.0 0.152711 0.421986 0.074163 0.080851
0.0 0.247209 0.275177 0.052632 0.051064
0.0 0.198166 0.258156 0.058214 0.036879
0.0 0.141547 0.651064 0.075758 0.065248
0.0 0.434609 0.365248 0.124402 0.143262
