0.0 0.602975 0.985753 0.092296 0.028494
0.0 0.509535 0.983718 0.088482 0.032564
0.0 0.475591 0.884668 0.109077 0.103121
0.0 0.583524 0.871099 0.099161 0.062415
0.0 0.585431 0.673677 0.168574 0.093623
0.0 0.697559 0.833786 0.113654 0.063772
0.0 0.738368 0.635685 0.146453 0.115332
0.0 0.847063 0.153324 0.244851 0.108548
0.0 0.625477 0.168250 0.286804 0.122117
0.0 0.347445 0.194030 0.211289 0.149254
0.0 0.180397 0.622117 0.098398 0.080054
0.0 0.093822 0.674355 0.086957 0.086839
0.0 0.204424 0.824966 0.061022 0.056988
0.0 0.148360 0.844640 0.066362 0.039349
0.0 0.078947 0.434193 0.087719 0.070556
0.0 0.419908 0.723202 0.144165 0.154681
