0.0 0.407378 0.012126 0.192462 0.024251
0.0 0.010024 0.466476 0.020048 0.048502
0.0 0.005213 0.276034 0.010425 0.061341
0.0 0.422614 0.649786 0.136327 0.124108
0.0 0.447073 0.828103 0.113071 0.084165
0.0 0.461909 0.930100 0.083400 0.065621
0.0 0.549719 0.942225 0.082598 0.041369
0.0 0.547314 0.835949 0.101844 0.068474
0.0 0.655573 0.830956 0.105052 0.061341
0.0 0.566560 0.684736 0.143545 0.097004
0.0 0.710505 0.676890 0.118685 0.067047
0.0 0.845630 0.293866 0.190056 0.136947
0.0 0.643545 0.253210 0.215718 0.144080
0.0 0.407378 0.210414 0.192462 0.126961
0.0 0.218123 0.470756 0.073777 0.034237
0.0 0.154771 0.474322 0.060946 0.058488
0.0 0.162791 0.259629 0.088212 0.108417
0.0 0.170008 0.643367 0.052927 0.037090
0.0 0.221732 0.646220 0.042502 0.045649
0.0 0.096632 0.466476 0.034483 0.048502
0.0 0.108661 0.276034 0.039294 0.061341
