0.0 0.612915 0.987919 0.091390 0.024161
0.0 0.520770 0.989933 0.088369 0.020134
0.0 0.484517 0.900671 0.109517 0.115436
0.0 0.591012 0.878523 0.098943 0.071141
0.0 0.588369 0.674497 0.167674 0.108725
0.0 0.703172 0.830872 0.113293 0.075168
0.0 0.739048 0.623490 0.147281 0.130201
0.0 0.834592 0.118121 0.243202 0.128859
0.0 0.615937 0.150336 0.284743 0.147651
0.0 0.341012 0.197987 0.210725 0.167785
0.0 0.186178 0.653020 0.098943 0.089933
0.0 0.101586 0.712752 0.086858 0.096644
0.0 0.214502 0.859060 0.061934 0.061745
0.0 0.159366 0.883893 0.066465 0.046980
0.0 0.080816 0.466443 0.087613 0.079195
0.0 0.425604 0.738255 0.145770 0.169128
