0.0 0.410000 0.672831 0.151200 0.145092
0.0 0.438800 0.883357 0.125600 0.099573
0.0 0.456000 0.982930 0.091200 0.034139
0.0 0.554000 0.995733 0.092000 0.008535
0.0 0.550400 0.890469 0.113600 0.079659
0.0 0.671200 0.882646 0.116800 0.069701
0.0 0.570400 0.710526 0.160000 0.112376
0.0 0.730800 0.698435 0.132000 0.076814
0.0 0.878400 0.242532 0.211200 0.157895
0.0 0.653200 0.198435 0.239200 0.166430
0.0 0.390400 0.152916 0.212800 0.146515
0.0 0.181600 0.464438 0.081600 0.038407
0.0 0.111200 0.470128 0.067200 0.069701
0.0 0.118400 0.216216 0.097600 0.128023
0.0 0.129200 0.669986 0.058400 0.042674
0.0 0.186800 0.672119 0.047200 0.052632
0.0 0.046400 0.462304 0.038400 0.056899
0.0 0.058400 0.237553 0.043200 0.071124
