0.0 0.439553 0.075073 0.071804 0.022086
0.0 0.534131 0.038232 0.067421 0.039013
0.0 0.446372 0.033056 0.071804 0.066112
0.0 0.439553 0.097160 0.071804 0.022086
0.0 0.428739 0.904699 0.194415 0.173924
0.0 0.658351 0.804618 0.245567 0.121012
0.0 0.855932 0.715745 0.221303 0.194746
0.0 0.676728 0.387091 0.136143 0.101696
0.0 0.560697 0.408384 0.144457 0.105247
0.0 0.430269 0.439689 0.135776 0.131391
0.0 0.434787 0.265440 0.100169 0.115256
0.0 0.541530 0.242594 0.108765 0.054113
0.0 0.534131 0.134001 0.067421 0.039013
0.0 0.631924 0.233683 0.080359 0.071021
0.0 0.446372 0.146948 0.071804 0.081655
0.0 0.428739 0.995831 0.194415 0.008339
