0 0.4622395833333333 0.11296296296296296 0.0515625 0.06111111111111111
0 0.45078125 0.32407407407407407 0.05677083333333333 0.1648148148148148
0 0.30833333333333335 0.4023148148148148 0.05416666666666667 0.0787037037037037
0 0.22864583333333333 0.4300925925925926 0.034375 0.06759259259259259
0 0.4309895833333333 0.4287037037037037 0.0203125 0.07037037037037037
0 0.3028645833333333 0.5527777777777778 0.04010416666666667 0.11666666666666667
0 0.14453125 0.4587962962962963 0.0453125 0.06574074074074074
0 0.090625 0.5018518518518519 0.04583333333333333 0.1111111111111111
0 0.59765625 0.17592592592592593 0.08802083333333334 0.0962962962962963
0 0.13958333333333334 0.6652777777777777 0.046875 0.16944444444444445
0 0.36692708333333335 0.3819444444444444 0.03697916666666667 0.07314814814814814
0 0.4921875 0.6032407407407407 0.051041666666666666 0.11574074074074074
