0 0.46380208333333334 0.42916666666666664 0.015104166666666667 0.012037037037037037
0 0.50546875 0.4324074074074074 0.0140625 0.011111111111111112
0 0.48385416666666664 0.4361111111111111 0.016666666666666666 0.009259259259259259
0 0.4513020833333333 0.4425925925925926 0.011979166666666667 0.011111111111111112
0 0.46640625 0.44537037037037036 0.011979166666666667 0.009259259259259259
0 0.48098958333333336 0.45231481481481484 0.013020833333333334 0.012037037037037037
0 0.48411458333333335 0.4671296296296296 0.013020833333333334 0.006481481481481481
0 0.46796875 0.47453703703703703 0.011979166666666667 0.008333333333333333
0 0.4513020833333333 0.46435185185185185 0.011979166666666667 0.01574074074074074
0 0.5096354166666667 0.45231481481481484 0.0140625 0.012037037037037037
0 0.5106770833333333 0.4703703703703704 0.015104166666666667 0.011111111111111112
0 0.496875 0.4777777777777778 0.015625 0.011111111111111112
0 0.4786458333333333 0.48518518518518516 0.0125 0.012962962962962963
