0 0.23671875 0.3 0.0328125 0.11296296296296296
0 0.44375 0.48055555555555557 0.05416666666666667 0.16111111111111112
0 0.64296875 0.40694444444444444 0.03697916666666667 0.12129629629629629
0 0.31927083333333334 0.5537037037037037 0.09270833333333334 0.0962962962962963
0 0.5270833333333333 0.1935185185185185 0.041666666666666664 0.08333333333333333
0 0.53203125 0.2935185185185185 0.028645833333333332 0.0962962962962963
0 0.5213541666666667 0.37592592592592594 0.041666666666666664 0.08888888888888889
0 0.4278645833333333 0.14953703703703702 0.059895833333333336 0.12129629629629629
0 0.4236979166666667 0.3731481481481482 0.07135416666666666 0.06851851851851852
0 0.40338541666666666 0.3125 0.0640625 0.10833333333333334
0 0.590625 0.5194444444444445 0.03125 0.06296296296296296
0 0.3028645833333333 0.7472222222222222 0.12239583333333333 0.06851851851851852
0 0.5760416666666667 0.6981481481481482 0.065625 0.1111111111111111
0 0.5341145833333333 0.5157407407407407 0.0671875 0.0962962962962963
