0 0.48776041666666664 0.29305555555555557 0.10260416666666666 0.028703703703703703
0 0.6328125 0.5 0.14479166666666668 0.053703703703703705
0 0.4036458333333333 0.5546296296296296 0.14375 0.05
0 0.16354166666666667 0.3148148148148148 0.10833333333333334 0.07222222222222222
0 0.71015625 0.2550925925925926 0.1078125 0.07314814814814814
0 0.6208333333333333 0.3023148148148148 0.09479166666666666 0.06574074074074074
0 0.6692708333333334 0.38472222222222224 0.10729166666666666 0.041666666666666664
0 0.8106770833333333 0.3111111111111111 0.06822916666666666 0.09259259259259259
0 0.7973958333333333 0.43796296296296294 0.13229166666666667 0.04814814814814815
0 0.4973958333333333 0.42916666666666664 0.115625 0.05462962962962963
0 0.47109375 0.36342592592592593 0.10677083333333333 0.03611111111111111
0 0.30520833333333336 0.2773148148148148 0.10625 0.03425925925925926
0 0.31484375 0.33935185185185185 0.11510416666666666 0.025
0 0.10625 0.4361111111111111 0.12708333333333333 0.044444444444444446
0 0.27890625 0.49953703703703706 0.13489583333333333 0.032407407407407406
