0 0.7177083333333333 0.15138888888888888 0.013541666666666667 0.0824074074074074
0 0.7390625 0.17916666666666667 0.010416666666666666 0.062037037037037036
0 0.7588541666666667 0.17314814814814813 0.010416666666666666 0.05555555555555555
0 0.7546875 0.2324074074074074 0.016666666666666666 0.07222222222222222
0 0.76171875 0.24861111111111112 0.011979166666666667 0.04537037037037037
0 0.75078125 0.2972222222222222 0.009895833333333333 0.05740740740740741
0 0.7348958333333333 0.27361111111111114 0.013541666666666667 0.06759259259259259
0 0.7203125 0.2449074074074074 0.014583333333333334 0.08055555555555556
0 0.7 0.23194444444444445 0.016666666666666666 0.08611111111111111
0 0.6994791666666667 0.3680555555555556 0.016666666666666666 0.09166666666666666
0 0.73671875 0.3421296296296296 0.008854166666666666 0.049074074074074076
0 0.7596354166666667 0.33611111111111114 0.011979166666666667 0.05925925925925926
0 0.7520833333333333 0.3861111111111111 0.015625 0.05555555555555555
0 0.7294270833333333 0.4398148148148148 0.013020833333333334 0.07222222222222222
0 0.728125 0.40370370370370373 0.020833333333333332 0.07407407407407407
