0 0.21510416666666668 0.0787037037037037 0.06979166666666667 0.11851851851851852
0 0.26197916666666665 0.19398148148148148 0.027083333333333334 0.08055555555555556
0 0.321875 0.1675925925925926 0.046875 0.06296296296296296
0 0.31484375 0.22546296296296298 0.0640625 0.06759259259259259
0 0.38255208333333335 0.23564814814814813 0.0515625 0.08796296296296297
0 0.49557291666666664 0.13055555555555556 0.044270833333333336 0.06111111111111111
0 0.4934895833333333 0.18101851851851852 0.04010416666666667 0.06018518518518518
0 0.4557291666666667 0.26342592592592595 0.06666666666666667 0.0787037037037037
0 0.48802083333333335 0.2861111111111111 0.065625 0.08333333333333333
0 0.5947916666666667 0.2125 0.05416666666666667 0.058333333333333334
