0 0.3098958333333333 0.2972222222222222 0.034375 0.11666666666666667
0 0.78046875 0.4023148148148148 0.0296875 0.13425925925925927
0 0.6145833333333334 0.2101851851851852 0.051041666666666666 0.1537037037037037
0 0.48098958333333336 0.1865740740740741 0.0796875 0.14166666666666666
0 0.44244791666666666 0.38842592592592595 0.06822916666666666 0.12685185185185185
0 0.6091145833333333 0.387037037037037 0.05677083333333333 0.15925925925925927
0 0.5770833333333333 0.49953703703703706 0.046875 0.1712962962962963
0 0.6729166666666667 0.6356481481481482 0.0625 0.19722222222222222
0 0.4671875 0.4842592592592593 0.08125 0.16666666666666666
0 0.371875 0.6106481481481482 0.05 0.15092592592592594
0 0.3703125 0.8351851851851851 0.046875 0.16666666666666666
0 0.6390625 0.8458333333333333 0.042708333333333334 0.15648148148148147
0 0.58203125 0.6574074074074074 0.09114583333333333 0.12407407407407407
0 0.46588541666666666 0.6574074074074074 0.09010416666666667 0.1648148148148148
