0 0.44088541666666664 0.12685185185185185 0.059895833333333336 0.11851851851851852
0 0.50703125 0.2722222222222222 0.044270833333333336 0.1259259259259259
0 0.41744791666666664 0.24953703703703703 0.049479166666666664 0.10648148148148148
0 0.4080729166666667 0.36574074074074076 0.05677083333333333 0.1111111111111111
0 0.59453125 0.4 0.0484375 0.11851851851851852
0 0.4203125 0.49212962962962964 0.03854166666666667 0.10648148148148148
0 0.4359375 0.8518518518518519 0.05520833333333333 0.17407407407407408
0 0.6859375 0.8694444444444445 0.03958333333333333 0.17962962962962964
0 0.4395833333333333 0.612037037037037 0.08854166666666667 0.03333333333333333
0 0.45286458333333335 0.6625 0.10677083333333333 0.04722222222222222
0 0.4515625 0.7333333333333333 0.12395833333333334 0.022222222222222223
0 0.6765625 0.6893518518518519 0.1125 0.025
0 0.5434895833333333 0.5833333333333334 0.09114583333333333 0.05555555555555555
0 0.7763020833333333 0.6425925925925926 0.0984375 0.06851851851851852
