0 0.58203125 0.4166666666666667 0.009895833333333333 0.016666666666666666
0 0.5950520833333334 0.39675925925925926 0.009895833333333333 0.019444444444444445
0 0.5981770833333333 0.41759259259259257 0.0109375 0.016666666666666666
0 0.61484375 0.4023148148148148 0.013020833333333334 0.017592592592592594
0 0.6143229166666667 0.4222222222222222 0.011979166666666667 0.016666666666666666
0 0.5828125 0.4361111111111111 0.008333333333333333 0.011111111111111112
0 0.6 0.449537037037037 0.009375 0.017592592592592594
0 0.615625 0.43796296296296294 0.0125 0.012962962962962963
0 0.6296875 0.412962962962963 0.010416666666666666 0.018518518518518517
0 0.6466145833333333 0.41712962962962963 0.016145833333333335 0.01574074074074074
0 0.63046875 0.44305555555555554 0.008854166666666666 0.013888888888888888
0 0.6442708333333333 0.4356481481481482 0.0125 0.010185185185185186
