0 0.16875 0.34675925925925927 0.0875 0.058333333333333334
0 0.16927083333333334 0.37222222222222223 0.07083333333333333 0.06666666666666667
0 0.1203125 0.4652777777777778 0.096875 0.09166666666666666
0 0.3138020833333333 0.29074074074074074 0.0828125 0.053703703703703705
0 0.3265625 0.35833333333333334 0.07916666666666666 0.06481481481481481
0 0.29765625 0.49537037037037035 0.10364583333333334 0.037037037037037035
0 0.4236979166666667 0.5884259259259259 0.1078125 0.10092592592592593
0 0.6421875 0.32407407407407407 0.04479166666666667 0.03518518518518519
0 0.7190104166666667 0.2916666666666667 0.0734375 0.06111111111111111
0 0.8049479166666667 0.3523148148148148 0.06822916666666666 0.06944444444444445
0 0.8296875 0.45925925925925926 0.06145833333333333 0.08333333333333333
0 0.68828125 0.412962962962963 0.0703125 0.07777777777777778
0 0.5018229166666667 0.30648148148148147 0.07135416666666666 0.06481481481481481
0 0.48385416666666664 0.38425925925925924 0.07708333333333334 0.06481481481481481
0 0.5088541666666667 0.4564814814814815 0.08229166666666667 0.06851851851851852
0 0.6520833333333333 0.5 0.10104166666666667 0.046296296296296294
