0 0.346875 0.05 0.06875 0.08888888888888889
0 0.3690104166666667 0.17962962962962964 0.0609375 0.1111111111111111
0 0.44375 0.5199074074074074 0.10833333333333334 0.09907407407407408
0 0.6596354166666667 0.65 0.0984375 0.06111111111111111
0 0.7955729166666666 0.7194444444444444 0.0453125 0.09814814814814815
0 0.8674479166666667 0.6361111111111111 0.0328125 0.12407407407407407
0 0.5049479166666667 0.6083333333333333 0.0828125 0.04814814814814815
0 0.5606770833333333 0.5509259259259259 0.10260416666666666 0.05555555555555555
0 0.7302083333333333 0.4981481481481482 0.07395833333333333 0.05555555555555555
0 0.7643229166666666 0.5592592592592592 0.09427083333333333 0.05555555555555555
0 0.7479166666666667 0.6875 0.084375 0.08611111111111111
0 0.5348958333333333 0.3199074074074074 0.06875 0.07314814814814814
0 0.44817708333333334 0.19768518518518519 0.059895833333333336 0.075
0 0.39609375 0.325 0.07239583333333334 0.09814814814814815
0 0.5677083333333334 0.6435185185185185 0.08229166666666667 0.05740740740740741
