0 0.5846354166666666 0.49583333333333335 0.0453125 0.09166666666666666
0 0.4388020833333333 0.49166666666666664 0.08385416666666666 0.1388888888888889
0 0.32838541666666665 0.5587962962962963 0.07135416666666666 0.12129629629629629
0 0.521875 0.3680555555555556 0.042708333333333334 0.09351851851851851
0 0.24427083333333333 0.28194444444444444 0.03125 0.11388888888888889
0 0.42942708333333335 0.15833333333333333 0.07135416666666666 0.09814814814814815
0 0.5283854166666667 0.1736111111111111 0.024479166666666666 0.10833333333333334
0 0.5278645833333333 0.2759259259259259 0.0453125 0.10555555555555556
0 0.40520833333333334 0.3300925925925926 0.057291666666666664 0.0787037037037037
0 0.4239583333333333 0.38564814814814813 0.065625 0.08796296296296297
0 0.3033854166666667 0.7435185185185185 0.11822916666666666 0.06111111111111111
0 0.5747395833333333 0.7013888888888888 0.059895833333333336 0.11388888888888889
0 0.6466145833333333 0.39490740740740743 0.0296875 0.10648148148148148
