0 0.50703125 0.03009259259259259 0.05260416666666667 0.06018518518518518
0 0.50078125 0.1486111111111111 0.06302083333333333 0.08611111111111111
0 0.73203125 0.4638888888888889 0.08385416666666666 0.0962962962962963
0 0.6786458333333333 0.12685185185185185 0.08854166666666667 0.04259259259259259
0 0.5861979166666667 0.03564814814814815 0.06510416666666667 0.05277777777777778
0 0.51875 0.325 0.06979166666666667 0.03518518518518519
0 0.5140625 0.35555555555555557 0.06979166666666667 0.046296296296296294
0 0.521875 0.3773148148148148 0.07395833333333333 0.03796296296296296
0 0.5221354166666666 0.4148148148148148 0.09114583333333333 0.022222222222222223
0 0.59765625 0.32407407407407407 0.05677083333333333 0.03333333333333333
0 0.7122395833333334 0.38101851851851853 0.10364583333333334 0.025
0 0.8125 0.3453703703703704 0.08541666666666667 0.03518518518518519
0 0.5270833333333333 0.25462962962962965 0.09791666666666667 0.07037037037037037
0 0.52421875 0.4708333333333333 0.0921875 0.058333333333333334
