0 0.5755208333333334 0.7032407407407407 0.058333333333333334 0.08055555555555556
0 0.30859375 0.7458333333333333 0.1109375 0.08611111111111111
0 0.2265625 0.33055555555555555 0.041666666666666664 0.09814814814814815
0 0.5213541666666667 0.1787037037037037 0.030208333333333334 0.11296296296296296
0 0.5861979166666667 0.49444444444444446 0.03697916666666667 0.053703703703703705
0 0.41875 0.37453703703703706 0.078125 0.08611111111111111
0 0.5283854166666667 0.2912037037037037 0.0328125 0.09166666666666666
0 0.42526041666666664 0.14166666666666666 0.05677083333333333 0.13148148148148148
0 0.39869791666666665 0.3 0.05260416666666667 0.11296296296296296
0 0.30625 0.5662037037037037 0.10104166666666667 0.10092592592592593
0 0.44375 0.48194444444444445 0.05416666666666667 0.14907407407407408
0 0.51484375 0.37222222222222223 0.028645833333333332 0.1111111111111111
0 0.5158854166666667 0.5018518518518519 0.021354166666666667 0.12407407407407407
