0 0.39114583333333336 0.034722222222222224 0.096875 0.04537037037037037
0 0.38177083333333334 0.1574074074074074 0.08958333333333333 0.06296296296296296
0 0.48671875 0.175 0.09114583333333333 0.08333333333333333
0 0.3966145833333333 0.2962962962962963 0.09114583333333333 0.06851851851851852
0 0.5833333333333334 0.3013888888888889 0.07708333333333334 0.058333333333333334
0 0.42604166666666665 0.7078703703703704 0.10416666666666667 0.058333333333333334
0 0.42473958333333334 0.6398148148148148 0.11822916666666666 0.04259259259259259
0 0.41015625 0.5828703703703704 0.0984375 0.03981481481481482
0 0.65390625 0.6259259259259259 0.12135416666666667 0.040740740740740744
0 0.7520833333333333 0.5578703703703703 0.09791666666666667 0.05092592592592592
0 0.5208333333333334 0.5314814814814814 0.096875 0.04814814814814815
0 0.4044270833333333 0.5398148148148149 0.08697916666666666 0.06111111111111111
0 0.39036458333333335 0.4615740740740741 0.07552083333333333 0.11574074074074074
0 0.4002604166666667 0.8467592592592592 0.05572916666666667 0.2101851851851852
0 0.6651041666666667 0.8092592592592592 0.046875 0.19444444444444445
