0 0.5486979166666667 0.37175925925925923 0.043229166666666666 0.03981481481481482
0 0.5841145833333333 0.5879629629629629 0.03177083333333333 0.04814814814814815
0 0.5479166666666667 0.649537037037037 0.035416666666666666 0.05648148148148148
0 0.5247395833333334 0.6611111111111111 0.021354166666666667 0.044444444444444446
0 0.5677083333333334 0.2865740740740741 0.040625 0.041666666666666664
0 0.5330729166666667 0.3282407407407407 0.021354166666666667 0.03981481481481482
0 0.4979166666666667 0.30925925925925923 0.035416666666666666 0.024074074074074074
0 0.48854166666666665 0.39305555555555555 0.026041666666666668 0.025
0 0.5098958333333333 0.4023148148148148 0.022916666666666665 0.026851851851851852
0 0.5830729166666667 0.42962962962962964 0.03802083333333333 0.05925925925925926
0 0.52734375 0.4476851851851852 0.0265625 0.03796296296296296
0 0.49166666666666664 0.5064814814814815 0.021875 0.024074074074074074
0 0.5598958333333334 0.4935185185185185 0.0375 0.02962962962962963
0 0.5317708333333333 0.5370370370370371 0.025 0.03148148148148148
0 0.5088541666666667 0.5796296296296296 0.023958333333333335 0.024074074074074074
