0 0.75 0.44907407407407407 0.05416666666666667 0.10185185185185185
0 0.30572916666666666 0.31527777777777777 0.03125 0.1361111111111111
0 0.5890625 0.2064814814814815 0.07083333333333333 0.14074074074074075
0 0.4622395833333333 0.19490740740740742 0.07135416666666666 0.1287037037037037
0 0.42578125 0.3875 0.05572916666666667 0.11388888888888889
0 0.5838541666666667 0.35324074074074074 0.058333333333333334 0.1361111111111111
0 0.5505208333333333 0.46064814814814814 0.065625 0.10833333333333334
0 0.44505208333333335 0.45925925925925926 0.07135416666666666 0.10555555555555556
0 0.44453125 0.5916666666666667 0.0671875 0.17962962962962964
0 0.33125 0.7675925925925926 0.09375 0.1259259259259259
0 0.621875 0.8041666666666667 0.08854166666666667 0.11388888888888889
0 0.5307291666666667 0.6106481481481482 0.0625 0.16203703703703703
0 0.6359375 0.6092592592592593 0.065625 0.08333333333333333
0 0.34270833333333334 0.6296296296296297 0.07395833333333333 0.10925925925925926
