0 0.33229166666666665 0.09351851851851851 0.11666666666666667 0.05185185185185185
0 0.5205729166666667 0.14907407407407408 0.09635416666666667 0.03888888888888889
0 0.3578125 0.2523148148148148 0.11354166666666667 0.04537037037037037
0 0.5046875 0.32314814814814813 0.09479166666666666 0.046296296296296294
0 0.21354166666666666 0.42777777777777776 0.11666666666666667 0.040740740740740744
0 0.37083333333333335 0.5435185185185185 0.1 0.05555555555555555
0 0.47109375 0.6314814814814815 0.09947916666666666 0.07962962962962963
0 0.21510416666666668 0.22037037037037038 0.10729166666666666 0.05740740740740741
0 0.5296875 0.4708333333333333 0.09791666666666667 0.06759259259259259
0 0.74921875 0.11064814814814815 0.0890625 0.1398148148148148
0 0.6518229166666667 0.23703703703703705 0.0796875 0.08333333333333333
0 0.8015625 0.274537037037037 0.071875 0.10462962962962963
0 0.6734375 0.40694444444444444 0.1 0.09907407407407408
0 0.7713541666666667 0.524074074074074 0.078125 0.10740740740740741
0 0.6377604166666667 0.586574074074074 0.09010416666666667 0.08425925925925926
