0 0.3932291666666667 0.1699074074074074 0.08958333333333333 0.08796296296296297
0 0.3880208333333333 0.3 0.08541666666666667 0.08518518518518518
0 0.396875 0.038425925925925926 0.08541666666666667 0.04722222222222222
0 0.5903645833333333 0.30277777777777776 0.08802083333333334 0.07592592592592592
0 0.4744791666666667 0.19398148148148148 0.07291666666666667 0.10092592592592593
0 0.39114583333333336 0.46064814814814814 0.065625 0.13425925925925927
0 0.41041666666666665 0.5453703703703704 0.078125 0.03518518518518519
0 0.5177083333333333 0.5310185185185186 0.08541666666666667 0.04351851851851852
0 0.7557291666666667 0.5564814814814815 0.10520833333333333 0.05740740740740741
0 0.6609375 0.6208333333333333 0.12083333333333333 0.05648148148148148
0 0.41171875 0.5842592592592593 0.09010416666666667 0.053703703703703705
0 0.42291666666666666 0.6375 0.10104166666666667 0.058333333333333334
0 0.42109375 0.7078703703703704 0.1140625 0.058333333333333334
0 0.39895833333333336 0.837037037037037 0.058333333333333334 0.2
0 0.6666666666666666 0.8166666666666667 0.05 0.18888888888888888
