0 0.79140625 0.16620370370370371 0.015104166666666667 0.06388888888888888
0 0.7278645833333334 0.42407407407407405 0.025520833333333333 0.03888888888888889
0 0.7302083333333333 0.3972222222222222 0.026041666666666668 0.04259259259259259
0 0.7763020833333333 0.3287037037037037 0.033854166666666664 0.03148148148148148
0 0.7263020833333333 0.3421296296296296 0.025520833333333333 0.03425925925925926
0 0.62421875 0.3148148148148148 0.043229166666666666 0.03148148148148148
0 0.6526041666666667 0.3087962962962963 0.0375 0.023148148148148147
0 0.6872395833333333 0.3087962962962963 0.03697916666666667 0.01574074074074074
0 0.7283854166666667 0.30185185185185187 0.0359375 0.024074074074074074
0 0.6731770833333334 0.3314814814814815 0.034895833333333334 0.03148148148148148
