0 0.5940104166666667 0.19907407407407407 0.08072916666666667 0.0962962962962963
0 0.46432291666666664 0.12314814814814815 0.05572916666666667 0.05555555555555555
0 0.3140625 0.5527777777777778 0.0625 0.1111111111111111
0 0.14322916666666666 0.4527777777777778 0.057291666666666664 0.07407407407407407
0 0.0890625 0.5171296296296296 0.03958333333333333 0.12129629629629629
0 0.42864583333333334 0.4212962962962963 0.035416666666666666 0.07592592592592592
0 0.49505208333333334 0.6129629629629629 0.07135416666666666 0.13148148148148148
0 0.44375 0.3125 0.05416666666666667 0.14166666666666666
0 0.2950520833333333 0.4074074074074074 0.05260416666666667 0.06851851851851852
0 0.22135416666666666 0.43425925925925923 0.03125 0.07592592592592592
0 0.14036458333333332 0.675 0.043229166666666666 0.17407407407407408
0 0.37109375 0.3773148148148148 0.03177083333333333 0.07314814814814814
