0 0.33984375 0.046296296296296294 0.0453125 0.09259259259259259
0 0.3645833333333333 0.16574074074074074 0.046875 0.13148148148148148
0 0.4453125 0.5199074074074074 0.096875 0.09537037037037037
0 0.5705729166666667 0.6462962962962963 0.0796875 0.07592592592592592
0 0.7911458333333333 0.7384259259259259 0.051041666666666666 0.0787037037037037
0 0.8731770833333333 0.6375 0.03802083333333333 0.11388888888888889
0 0.6622395833333333 0.6675925925925926 0.08697916666666666 0.07407407407407407
0 0.39375 0.34814814814814815 0.08541666666666667 0.06111111111111111
0 0.5356770833333333 0.325 0.0609375 0.03518518518518519
0 0.44166666666666665 0.2023148148148148 0.05 0.09351851851851851
0 0.5015625 0.6078703703703704 0.078125 0.04537037037037037
0 0.5591145833333333 0.5449074074074074 0.07447916666666667 0.05092592592592592
0 0.7184895833333333 0.5037037037037037 0.05677083333333333 0.04814814814814815
0 0.765625 0.5662037037037037 0.08020833333333334 0.058333333333333334
0 0.7450520833333333 0.6842592592592592 0.07552083333333333 0.0962962962962963
