0 0.7419270833333333 0.1287037037037037 0.09427083333333333 0.08148148148148149
0 0.6442708333333333 0.24212962962962964 0.09479166666666666 0.0712962962962963
0 0.7828125 0.5370370370370371 0.06354166666666666 0.12777777777777777
0 0.63671875 0.586574074074074 0.09739583333333333 0.075
0 0.509375 0.31666666666666665 0.09375 0.05925925925925926
0 0.5247395833333334 0.15601851851851853 0.09739583333333333 0.06944444444444445
0 0.33151041666666664 0.09675925925925925 0.10989583333333333 0.03796296296296296
0 0.21328125 0.22453703703703703 0.1078125 0.041666666666666664
0 0.3575520833333333 0.2537037037037037 0.1015625 0.046296296296296294
0 0.6713541666666667 0.3912037037037037 0.103125 0.05092592592592592
0 0.7903645833333334 0.31342592592592594 0.09114583333333333 0.06759259259259259
0 0.5309895833333333 0.45740740740740743 0.0984375 0.04259259259259259
0 0.47109375 0.6314814814814815 0.09427083333333333 0.07222222222222222
0 0.3703125 0.5412037037037037 0.10208333333333333 0.06388888888888888
0 0.21458333333333332 0.4375 0.1125 0.07314814814814814
